L1 Testing: 
70.3125		70.3125		70.3125		70.3125		70.3125		70.3125		70.3125		70.3125		70.3125
70.3125		70.3125		70.3125		70.3125		70.3125		70.3125		70.3125		70.3125		70.3125
70.3125		70.3125		70.3125		70.3125		70.3125		70.3125		70.3125		70.3125		70.3125
70.3125		70.3125		70.3125		70.3125		70.3125		70.3125		70.3125		70.3125		70.3125
70.3125		70.3125		70.3125		70.3125		70.3125		70.3125		70.3125		70.3125		70.3125
70.3125		70.3125		70.3125		70.3125		70.3125		70.3125		70.3125		70.3125
70.3125		70.3125		70.3125		70.3125		70.3125		70.3125					70.3125
70.3125					70.3125		70.3125		70.3125		70.3125					70.3125
70.3125					70.3125		70.3125		70.3125		70.3125					70.3125
70.3125											70.3125		70.3125

82.03125	82.03125	82.03125	82.03125	82.03125	82.03125	82.03125	82.03125	82.03125
82.03125	82.03125	82.03125	82.03125	82.03125	82.03125	82.03125	82.03125	82.03125
82.03125	82.03125	82.03125	82.03125	82.03125	82.03125	82.03125	82.03125	82.03125
82.03125	82.03125	82.03125	82.03125				82.03125	82.03125	82.03125	82.03125
82.03125							82.03125										82.03125	82.03125
82.03125																						82.03125
																								82.03125

140.625		140.625		140.625		140.625		140.625		140.625		140.625		140.625		140.625
140.625		140.625		140.625		140.625		140.625		140.625		140.625		140.625		140.625
140.625		140.625		140.625		140.625					140.625		140.625		140.625		140.625
						140.625		140.625					140.625								140.625
						140.625								140.625		

152.34375	152.34375	152.34375	152.34375	152.34375	152.34375	152.34375	152.34375	152.34375
152.34375	152.34375	152.34375	152.34375	152.34375	152.34375	152.34375	152.34375	152.34375
			152.34375							152.34375	152.34375	152.34375	152.34375
												152.34375				152.34375	152.34375

									187.5

292.96875	292.96875	292.96875	292.96875	292.96875	292.96875	292.96875	292.96875	292.96875
292.96875	292.96875	292.96875	292.96875	292.96875	292.96875	292.96875	292.96875	292.96875
292.96875	292.96875	292.96875	292.96875	292.96875	292.96875	292.96875	292.96875	292.96875
292.96875	292.96875	292.96875	292.96875	292.96875	292.96875	292.96875	292.96875	292.96875
292.96875	292.96875	292.96875	292.96875	292.96875	292.96875	292.96875	292.96875	292.96875
292.96875	292.96875	292.96875	292.96875	292.96875	292.96875	292.96875	292.96875	292.96875
292.96875				292.96875	292.96875	292.96875	292.96875	292.96875				292.96875
292.96875							292.96875	292.96875				292.96875
292.96875										292.96875				292.96875

304.6875	304.6875	304.6875	304.6875	304.6875	304.6875	304.6875	304.6875	304.6875
304.6875	304.6875	304.6875	304.6875	304.6875	304.6875	304.6875	304.6875	304.6875
304.6875	304.6875	304.6875				304.6875	304.6875	304.6875	304.6875	304.6875
304.6875 	304.6875	304.6875				304.6875				304.6875				304.6875
																		304.6875
																		304.6875

			492.1875

			23695.3125	23695.3125	23695.3125	23695.3125	23695.3125	23695.3125	23695.3125	23695.3125

23707.03125	23707.03125	23707.03125	23707.03125	23707.03125	23707.03125	23707.03125	23707.03125	23707.03125
			23707.03125	23707.03125	23707.03125				23707.03125				23707.03125	23707.03125
			23707.03125	23707.03125													23707.03125	23707.03125

						23917.96875							23917.96875				23917.96875	23917.96875

23929.6875	23929.6875				23929.6875	23929.6875				23929.6875	23929.6875	23929.6875
			23929.6875				23929.6875	23929.6875				23929.6875				23929.6875
			23929.6875				23929.6875
			23929.6875


L2 Testing:
93.75		93.75		93.75		93.75		93.75		93.75		93.75		93.75		93.75		93.75		93.75
93.75		93.75		93.75		93.75		93.75		93.75		93.75		93.75		93.75		93.75		93.75
93.75		93.75		93.75		93.75		93.75		93.75		93.75		93.75		93.75		93.75		93.75
93.75		93.75		93.75		93.75		93.75		93.75		93.75		93.75		93.75		93.75		93.75
93.75		93.75		93.75		93.75		93.75		93.75		93.75		93.75		93.75		93.75		93.75
93.75		93.75		93.75		93.75		93.75		93.75		93.75		93.75		93.75		93.75		93.75
93.75		93.75		93.75		93.75		93.75		93.75		93.75		93.75		93.75		93.75		93.75
93.75		93.75		93.75		93.75		93.75		93.75		93.75		93.75		93.75		93.75		93.75
93.75		93.75		93.75		93.75		93.75		93.75		93.75		93.75		93.75		93.75		93.75
93.75		93.75		93.75		93.75		93.75		93.75		93.75		93.75		93.75		93.75		93.75
93.75		93.75		93.75		93.75		93.75		93.75		93.75		93.75		93.75		93.75		93.75
93.75		93.75		93.75		93.75		93.75		93.75		93.75		93.75		93.75		93.75		93.75
93.75		93.75		93.75		93.75		93.75		93.75		93.75		93.75		93.75		93.75		93.75
93.75		93.75		93.75		93.75		93.75		93.75		93.75		93.75		93.75		93.75		93.75
93.75		93.75		93.75		93.75		93.75		93.75		93.75		93.75		93.75		93.75		93.75
93.75		93.75		93.75		93.75		93.75		93.75		93.75		93.75		93.75		93.75		93.75
187.5		93.75		93.75		93.75		93.75		93.75		93.75		93.75		93.75		93.75		93.75
93.75		93.75		93.75		93.75		93.75		93.75		93.75		93.75		93.75		93.75		93.75
93.75		93.75		93.75		93.75		93.75		93.75		93.75		93.75		93.75		93.75		93.75
93.75					93.75		93.75		93.75		93.75														93.75
93.75					93.75								93.75														93.75
93.75
93.75

105.46875				105.46875				105.46875							

			187.5		187.5					187.5		187.5					187.5		187.5		187.5

																								199.21875

																											339.84375

363.28125	363.28125	363.28125	363.28125	363.28125				363.28125	363.28125	363.28125				363.28125
												363.28125				363.28125										363.28125

375			375			375			375			375			375			375			375			375			375
375			375			375						375			375			375			375			375			375
			375									375			375												375
			375												375												375

386.71875	386.71875	386.71875	386.71875	386.71875	386.71875	386.71875	386.71875	386.71875	386.71875	386.71875
386.71875	386.71875				386.71875							386.71875	386.71875	386.71875	386.71875	386.71875
																		386.71875										386.71875

																								480.46875

									621.09375							621.09375										621.09375
									621.09375										

714.84375	714.84375	714.84375	714.84375	714.84375	714.84375	714.84375	714.84375	714.84375	714.84375	714.84375
714.84375				714.84375	714.84375				714.84375				714.84375

									23285.15625										

			23296.875	23296.875				23296.875				23296.875	23296.875	23296.875	23296.875	23296.875

23636.71875													23636.71875

23906.25	23906.25	23906.25	23906.25	23906.25	23906.25	23906.25	23906.25	23906.25	23906.25	23906.25
23906.25	23906.25	23906.25	23906.25	23906.25	23906.25	23906.25	23906.25	23906.25	23906.25	23906.25
23906.25	23906.25	23906.25	23906.25	23906.25	23906.25	23906.25	23906.25	23906.25	23906.25	23906.25
23906.25	23906.25	23906.25	23906.25	23906.25	23906.25	23906.25	23906.25	23906.25	23906.25	23906.25
			23906.25	23906.25	23906.25	23906.25	23906.25	23906.25	23906.25	23906.25	23906.25	23906.25
			23906.25	23906.25	23906.25				23906.25	23906.25	23906.25	23906.25	23906.25	23906.25
			23906.25				23906.25							23906.25	23906.25	23906.25	23906.25	23906.25
																					23906.25	23906.25
												
												23917.96875


L3 Testing:
117.1875	117.1875	117.1875	117.1875	117.1875	117.1875
117.1875	117.1875	117.1875	117.1875	117.1875	117.1875
117.1875	117.1875							117.1875	117.1875
															117.1875

222.65625							222.65625	222.65625	222.65625

433.59375	433.59375	433.59375	433.59375	433.59375	433.59375
433.59375	433.59375	433.59375	433.59375	433.59375	433.59375
433.59375	433.59375	433.59375	433.59375	433.59375	433.59375
433.59375	433.59375	433.59375	433.59375	433.59375	433.59375
433.59375	433.59375	433.59375	433.59375	433.59375	433.59375
433.59375	433.59375	433.59375	433.59375	433.59375	433.59375
433.59375	433.59375	433.59375	433.59375	433.59375	433.59375
						433.59375	433.59375
						433.59375
						433.59375

445.3125	445.3125	445.3125	445.3125	445.3125	445.3125
445.3125	445.3125	445.3125	445.3125	445.3125	445.3125
445.3125	445.3125	445.3125	445.3125	445.3125	445.3125
445.3125	445.3125	445.3125	445.3125	445.3125	445.3125
			445.3125				445.3125
			445.3125				445.3125
			445.3125
				
457.03125				457.03125				457.03125	457.03125
457.03125										457.03125

						609.375

773.4375				773.4375				773.4375

785.15625	785.15625	785.15625	785.15625	785.15625	785.15625
785.15625	785.15625	785.15625	785.15625	785.15625	785.15625
785.15625	785.15625	785.15625	785.15625	785.15625	785.15625
785.15625	785.15625	785.15625	785.15625	785.15625	785.15625
785.15625	785.15625	785.15625	785.15625	785.15625	785.15625
785.15625	785.15625	785.15625	785.15625	785.15625	785.15625
785.15625	785.15625	785.15625	785.15625	785.15625	785.15625
785.15625	785.15625	785.15625	785.15625	785.15625	785.15625
785.15625	785.15625	785.15625	785.15625	785.15625	785.15625
785.15625	785.15625	785.15625	785.15625	785.15625	785.15625
785.15625	785.15625	785.15625	785.15625	785.15625	785.15625
785.15625	785.15625	785.15625	785.15625	785.15625	785.15625
785.15625	785.15625	785.15625	785.15625	785.15625	785.15625
785.15625	785.15625	785.15625	785.15625	785.15625	785.15625
785.15625	785.15625	785.15625	785.15625	785.15625	785.15625
785.15625	785.15625	785.15625	785.15625	785.15625	785.15625
			785.15625	785.15625	785.15625
			785.15625				785.15625

															796.875

23214.84375	23214.84375	23214.84375	23214.84375	23214.84375	23214.84375

23542.96875							23542.96875	23542.96875	23542.96875

445.3125
117.1875
445.3125
433.59375
445.3125
433.59375
433.59375
457.03125
117.1875
433.59375
445.3125
445.3125
433.59375
433.59375
433.59375
445.3125
445.3125
785.15625
23214.84375
785.15625
785.15625
785.15625
785.15625
785.15625
785.15625
785.15625
785.15625
785.15625
785.15625
785.15625
785.15625
785.15625
785.15625
785.15625
785.15625
785.15625

445.3125
117.1875
445.3125
445.3125
445.3125
433.59375
433.59375
117.1875
117.1875
433.59375
445.3125
433.59375
433.59375
433.59375
433.59375
445.3125
445.3125
785.15625
23214.84375
785.15625
785.15625
785.15625
785.15625
785.15625
785.15625
785.15625
785.15625
785.15625
785.15625
785.15625
785.15625
785.15625
785.15625
785.15625
785.15625
785.15625

445.3125
117.1875
117.1875
445.3125
445.3125
433.59375
433.59375
117.1875
117.1875
433.59375
445.3125
433.59375
433.59375
433.59375
433.59375
433.59375
445.3125
785.15625
23214.84375
785.15625
785.15625
785.15625
785.15625
785.15625
785.15625
785.15625
785.15625
785.15625
785.15625
785.15625
785.15625
785.15625
785.15625
785.15625
785.15625
773.4375

609.375
445.3125
433.59375
433.59375
445.3125
457.03125
433.59375
433.59375
117.1875
117.1875
433.59375
445.3125
433.59375
445.3125
433.59375
433.59375
433.59375
433.59375
785.15625
23214.84375
785.15625
785.15625
785.15625
785.15625
785.15625
785.15625
785.15625
785.15625
785.15625
785.15625
785.15625
785.15625
785.15625
785.15625
785.15625
785.15625
773.4375

433.59375
117.1875
445.3125
433.59375
433.59375
433.59375
222.65625
23542.96875
117.1875
433.59375
457.03125
433.59375
433.59375
433.59375
445.3125
445.3125
445.3125
445.3125
23214.84375
796.875
785.15625
785.15625
785.15625
785.15625
785.15625
785.15625
785.15625
785.15625
785.15625
785.15625
785.15625
785.15625
785.15625
785.15625
785.15625
785.15625

433.59375
457.03125
433.59375
433.59375
445.3125
445.3125
433.59375
433.59375
117.1875
117.1875
433.59375
433.59375
433.59375
445.3125
433.59375
433.59375
433.59375
445.3125
785.15625
23214.84375
785.15625
785.15625
785.15625
785.15625
785.15625
785.15625
785.15625
785.15625
785.15625
785.15625
785.15625
785.15625
785.15625
785.15625
785.15625
785.15625
761.71875

433.59375
117.1875
445.3125
433.59375
433.59375
433.59375
222.65625
23542.96875
117.1875
433.59375
445.3125
433.59375
433.59375
433.59375
445.3125
445.3125
445.3125
445.3125
23214.84375
785.15625
785.15625
785.15625
785.15625
785.15625
785.15625
785.15625
785.15625
785.15625
785.15625
785.15625
785.15625
785.15625
785.15625
785.15625
785.15625
785.15625

445.3125
457.03125
117.1875
433.59375
445.3125
23542.96875
433.59375
433.59375
117.1875
117.1875
433.59375
433.59375
433.59375
445.3125
445.3125
433.59375
433.59375
445.3125
23214.84375
773.4375
785.15625
785.15625
785.15625
785.15625
785.15625
785.15625
785.15625
785.15625
785.15625
785.15625
785.15625
785.15625
785.15625
785.15625
785.15625
785.15625


M Testing:
257.8125
70.3125
257.8125
269.53125
269.53125
257.8125
257.8125
70.3125
128.90625
269.53125
269.53125
23929.6875
257.8125
23929.6875
550.78125
23929.6875
269.53125
269.53125
257.8125
257.8125
257.8125
257.8125
257.8125
257.8125
257.8125
257.8125
257.8125
257.8125
257.8125
257.8125
257.8125
257.8125
257.8125
269.53125
257.8125
257.8125

257.8125
269.53125
257.8125
70.3125
70.3125
269.53125
70.3125
269.53125
257.8125
257.8125
269.53125
269.53125
257.8125
23929.6875
269.53125
23929.6875
257.8125
269.53125
257.8125
257.8125
257.8125
257.8125
257.8125
257.8125
257.8125
257.8125
257.8125
257.8125
257.8125
257.8125
257.8125
257.8125
257.8125
257.8125
257.8125
257.8125

257.8125
269.53125
257.8125
70.3125
269.53125
269.53125
70.3125
269.53125
128.90625
257.8125
269.53125
269.53125
257.8125
23929.6875
269.53125
23929.6875
269.53125
269.53125
257.8125
257.8125
257.8125
257.8125
257.8125
257.8125
257.8125
257.8125
257.8125
257.8125
257.8125
257.8125
257.8125
257.8125
257.8125
257.8125
257.8125
257.8125

257.8125
257.8125
257.8125
269.53125
70.3125
70.3125
269.53125
70.3125
70.3125
269.53125
269.53125
257.8125
257.8125
23929.6875
550.78125
269.53125
269.53125
257.8125
257.8125
257.8125
257.8125
257.8125
257.8125
257.8125
257.8125
257.8125
257.8125
257.8125
257.8125
257.8125
257.8125
257.8125
257.8125
269.53125
257.8125
257.8125

257.8125
281.25
257.8125
269.53125
269.53125
257.8125
269.53125
70.3125
128.90625
269.53125
269.53125
23929.6875
257.8125
23929.6875
550.78125
23929.6875
269.53125
257.8125
257.8125
257.8125
257.8125
257.8125
257.8125
257.8125
257.8125
257.8125
257.8125
257.8125
257.8125
257.8125
257.8125
257.8125
257.8125
269.53125
257.8125
257.8125

257.8125
70.3125
257.8125
269.53125
269.53125
257.8125
257.8125
70.3125
128.90625
269.53125
269.53125
23929.6875
257.8125
23929.6875
550.78125
23929.6875
269.53125
269.53125
257.8125
257.8125
257.8125
257.8125
257.8125
257.8125
257.8125
257.8125
257.8125
257.8125
257.8125
257.8125
257.8125
257.8125
257.8125
269.53125
257.8125
257.8125

257.8125
269.53125
257.8125
70.3125
70.3125
269.53125
70.3125
269.53125
257.8125
257.8125
257.8125
550.78125
257.8125
550.78125
269.53125
23929.6875
257.8125
269.53125
257.8125
257.8125
257.8125
257.8125
257.8125
257.8125
257.8125
257.8125
257.8125
257.8125
257.8125
257.8125
257.8125
257.8125
257.8125
257.8125
257.8125
457.03125

257.8125
70.3125
257.8125
269.53125
269.53125
257.8125
257.8125
70.3125
128.90625
269.53125
269.53125
23929.6875
257.8125
23929.6875
550.78125
23929.6875
269.53125
269.53125
257.8125
257.8125
257.8125
257.8125
257.8125
257.8125
257.8125
257.8125
257.8125
257.8125
257.8125
257.8125
257.8125
257.8125
257.8125
269.53125
257.8125
257.8125

257.8125
269.53125
257.8125
257.8125
70.3125
269.53125
70.3125
269.53125
257.8125
257.8125
269.53125
269.53125
257.8125
550.78125
269.53125
23929.6875
257.8125
269.53125
257.8125
257.8125
257.8125
257.8125
257.8125
257.8125
257.8125
257.8125
257.8125
257.8125
257.8125
257.8125
257.8125
257.8125
257.8125
257.8125
257.8125
457.03125

257.8125
269.53125
257.8125
70.3125
70.3125
269.53125
70.3125
269.53125
257.8125
257.8125
257.8125
550.78125
257.8125
550.78125
269.53125
23929.6875
257.8125
269.53125
257.8125
257.8125
257.8125
257.8125
257.8125
257.8125
257.8125
257.8125
257.8125
257.8125
257.8125
257.8125
257.8125
257.8125
257.8125
257.8125
257.8125
457.03125


R1 Testing:
328.125
339.84375
339.84375
82.03125
82.03125
82.03125
328.125
328.125
328.125
82.03125
503.90625
82.03125
503.90625
328.125
328.125
621.09375
621.09375
621.09375
621.09375
339.84375
328.125
82.03125
621.09375
667.96875
667.96875
82.03125
667.96875
667.96875
667.96875
667.96875
667.96875
667.96875
667.96875
667.96875
621.09375
164.0625

328.125
339.84375
339.84375
82.03125
82.03125
82.03125
328.125
503.90625
328.125
82.03125
503.90625
82.03125
82.03125
328.125
621.09375
621.09375
621.09375
164.0625
621.09375
339.84375
621.09375
328.125
621.09375
667.96875
667.96875
82.03125
667.96875
667.96875
667.96875
667.96875
667.96875
667.96875
667.96875
667.96875
621.09375
164.0625

328.125
339.84375
339.84375
82.03125
339.84375
82.03125
328.125
328.125
328.125
82.03125
503.90625
82.03125
82.03125
328.125
328.125
621.09375
621.09375
621.09375
621.09375
339.84375
328.125
82.03125
621.09375
667.96875
667.96875
82.03125
667.96875
667.96875
667.96875
667.96875
667.96875
667.96875
667.96875
667.96875
621.09375
621.09375

750
328.125
339.84375
339.84375
82.03125
82.03125
339.84375
503.90625
328.125
82.03125
621.09375
503.90625
82.03125
503.90625
328.125
621.09375
621.09375
328.125
621.09375
82.03125
339.84375
328.125
82.03125
621.09375
667.96875
82.03125
667.96875
667.96875
667.96875
667.96875
667.96875
667.96875
667.96875
667.96875
23332.03125
621.09375
23671.875

375
328.125
339.84375
82.03125
82.03125
164.0625
339.84375
503.90625
328.125
82.03125
23660.15625
503.90625
82.03125
328.125
621.09375
23671.875
621.09375
328.125
621.09375
82.03125
339.84375
328.125
82.03125
667.96875
667.96875
82.03125
667.96875
667.96875
667.96875
667.96875
667.96875
667.96875
667.96875
667.96875
23332.03125
621.09375
23671.875

339.84375
339.84375
339.84375
82.03125
339.84375
339.84375
328.125
328.125
328.125
82.03125
503.90625
82.03125
503.90625
328.125
328.125
621.09375
328.125
621.09375
621.09375
339.84375
328.125
82.03125
621.09375
667.96875
667.96875
667.96875
667.96875
667.96875
667.96875
667.96875
667.96875
667.96875
667.96875
667.96875
621.09375
621.09375

328.125
93.75
339.84375
82.03125
82.03125
82.03125
328.125
503.90625
328.125
82.03125
621.09375
82.03125
82.03125
328.125
621.09375
621.09375
621.09375
164.0625
621.09375
339.84375
621.09375
328.125
621.09375
667.96875
667.96875
82.03125
667.96875
667.96875
667.96875
667.96875
667.96875
667.96875
667.96875
667.96875
621.09375
164.0625

328.125
339.84375
339.84375
82.03125
339.84375
82.03125
328.125
328.125
328.125
82.03125
503.90625
82.03125
503.90625
328.125
328.125
621.09375
621.09375
621.09375
621.09375
339.84375
328.125
82.03125
621.09375
667.96875
667.96875
82.03125
667.96875
667.96875
667.96875
667.96875
667.96875
667.96875
667.96875
667.96875
621.09375
164.0625

328.125
328.125
339.84375
82.03125
82.03125
82.03125
339.84375
503.90625
328.125
82.03125
23660.15625
621.09375
82.03125
328.125
339.84375
621.09375
621.09375
164.0625
621.09375
82.03125
621.09375
328.125
621.09375
667.96875
667.96875
82.03125
667.96875
667.96875
667.96875
667.96875
667.96875
667.96875
667.96875
667.96875
621.09375
621.09375

328.125
339.84375
339.84375
82.03125
82.03125
82.03125
328.125
503.90625
328.125
82.03125
503.90625
82.03125
503.90625
328.125
328.125
621.09375
621.09375
621.09375
621.09375
339.84375
328.125
82.03125
621.09375
667.96875
667.96875
82.03125
667.96875
667.96875
667.96875
667.96875
667.96875
667.96875
667.96875
667.96875
621.09375
164.0625


R2 Testing:
398.4375
410.15625
386.71875
105.46875
105.46875
398.4375
93.75
93.75
23894.53125
386.71875
105.46875
386.71875
23906.25
93.75
23894.53125
375
386.71875
23906.25
398.4375
105.46875
632.8125
632.8125
23367.1875
23894.53125
632.8125
632.8125
386.71875
632.8125
23367.1875
632.8125
386.71875
609.375
23906.25
339.84375
328.125
339.84375

386.71875
386.71875
105.46875
386.71875
105.46875
386.71875
93.75
386.71875
398.4375
105.46875
93.75
398.4375
23906.25
93.75
23894.53125
386.71875
23894.53125
23906.25
105.46875
93.75
632.8125
386.71875
23367.1875
386.71875
632.8125
386.71875
386.71875
93.75
93.75
632.8125
386.71875
609.375
23906.25
339.84375
339.84375
339.84375

398.4375
410.15625
386.71875
386.71875
105.46875
386.71875
105.46875
93.75
398.4375
386.71875
105.46875
386.71875
23906.25
93.75
23894.53125
375
386.71875
23906.25
105.46875
386.71875
632.8125
23367.1875
23367.1875
23894.53125
632.8125
375
386.71875
632.8125
23367.1875
632.8125
386.71875
609.375
23906.25
339.84375
328.125
339.84375

386.71875
410.15625
105.46875
105.46875
117.1875
398.4375
93.75
93.75
386.71875
386.71875
105.46875
93.75
398.4375
386.71875
23894.53125
691.40625
375
23906.25
398.4375
105.46875
93.75
632.8125
23367.1875
23894.53125
23906.25
632.8125
386.71875
93.75
23367.1875
632.8125
386.71875
609.375
386.71875
339.84375
328.125
339.84375

410.15625
386.71875
105.46875
386.71875
105.46875
386.71875
105.46875
386.71875
398.4375
105.46875
93.75
398.4375
23906.25
93.75
398.4375
93.75
23894.53125
23906.25
105.46875
93.75
632.8125
386.71875
23367.1875
386.71875
632.8125
386.71875
93.75
93.75
93.75
632.8125
386.71875
609.375
23906.25
339.84375
328.125
328.125

398.4375
410.15625
386.71875
105.46875
105.46875
398.4375
93.75
93.75
23894.53125
386.71875
105.46875
386.71875
23906.25
93.75
23894.53125
375
386.71875
23906.25
398.4375
105.46875
632.8125
632.8125
23367.1875
23894.53125
632.8125
632.8125
386.71875
632.8125
23367.1875
632.8125
386.71875
609.375
23906.25
339.84375
328.125
339.84375

398.4375
410.15625
386.71875
386.71875
105.46875
386.71875
93.75
386.71875
398.4375
386.71875
105.46875
386.71875
23906.25
93.75
23894.53125
375
386.71875
23906.25
105.46875
386.71875
632.8125
632.8125
23367.1875
23894.53125
632.8125
375
386.71875
93.75
23367.1875
632.8125
386.71875
609.375
23906.25
339.84375
328.125
339.84375

398.4375
105.46875
105.46875
386.71875
105.46875
386.71875
93.75
93.75
398.4375
386.71875
105.46875
386.71875
23906.25
93.75
23894.53125
375
386.71875
23906.25
105.46875
386.71875
632.8125
398.4375
23367.1875
23894.53125
632.8125
375
386.71875
93.75
23367.1875
632.8125
386.71875
609.375
23906.25
339.84375
328.125
386.71875

386.71875
410.15625
105.46875
105.46875
117.1875
398.4375
93.75
93.75
386.71875
386.71875
105.46875
93.75
398.4375
386.71875
23894.53125
691.40625
375
23906.25
398.4375
105.46875
93.75
632.8125
93.75
23894.53125
23906.25
632.8125
386.71875
93.75
23367.1875
632.8125
386.71875
609.375
386.71875
339.84375
328.125
187.5

386.71875
386.71875
105.46875
386.71875
105.46875
386.71875
93.75
386.71875
398.4375
105.46875
93.75
398.4375
23906.25
93.75
23894.53125
386.71875
23894.53125
23906.25
105.46875
93.75
632.8125
386.71875
23367.1875
386.71875
632.8125
386.71875
386.71875
93.75
93.75
632.8125
386.71875
609.375
23906.25
339.84375
339.84375
339.84375


R3 Testing:
457.03125
480.46875
117.1875
480.46875
117.1875
117.1875
480.46875
23519.53125
117.1875
480.46875
480.46875
246.09375
117.1875
117.1875
23519.53125
117.1875
480.46875
480.46875
468.75
234.375
480.46875
421.875
23765.625
480.46875
234.375
117.1875
480.46875
234.375
234.375
468.75
480.46875
234.375
234.375
410.15625
117.1875
410.15625

492.1875
480.46875
117.1875
117.1875
468.75
117.1875
421.875
23519.53125
117.1875
480.46875
480.46875
246.09375
117.1875
23519.53125
117.1875
117.1875
480.46875
480.46875
468.75
468.75
234.375
23519.53125
23765.625
468.75
234.375
117.1875
480.46875
246.09375
468.75
480.46875
480.46875
246.09375
234.375
410.15625
410.15625
117.1875

457.03125
480.46875
480.46875
480.46875
117.1875
117.1875
480.46875
23519.53125
117.1875
480.46875
480.46875
468.75
117.1875
117.1875
23519.53125
117.1875
480.46875
480.46875
468.75
468.75
480.46875
421.875
23765.625
480.46875
234.375
117.1875
480.46875
234.375
234.375
468.75
480.46875
234.375
234.375
468.75
117.1875
410.15625

457.03125
480.46875
117.1875
117.1875
117.1875
117.1875
480.46875
23519.53125
117.1875
480.46875
480.46875
246.09375
117.1875
117.1875
23519.53125
117.1875
480.46875
480.46875
468.75
234.375
480.46875
421.875
23765.625
480.46875
234.375
117.1875
480.46875
234.375
234.375
468.75
480.46875
234.375
234.375
410.15625
117.1875
410.15625

796.875
480.46875
480.46875
398.4375
117.1875
480.46875
117.1875
421.875
23519.53125
480.46875
480.46875
468.75
117.1875
117.1875
468.75
117.1875
480.46875
480.46875
23578.125
468.75
246.09375
234.375
480.46875
468.75
480.46875
234.375
433.59375
234.375
234.375
117.1875
480.46875
234.375
234.375
398.4375
117.1875
410.15625
23531.25

468.75
480.46875
117.1875
117.1875
480.46875
117.1875
421.875
23519.53125
117.1875
480.46875
480.46875
246.09375
117.1875
117.1875
23519.53125
117.1875
480.46875
480.46875
468.75
234.375
480.46875
421.875
23765.625
468.75
234.375
117.1875
480.46875
246.09375
468.75
480.46875
480.46875
246.09375
234.375
410.15625
410.15625
246.09375

492.1875
480.46875
480.46875
398.4375
117.1875
480.46875
480.46875
421.875
23519.53125
480.46875
480.46875
468.75
117.1875
117.1875
468.75
117.1875
23519.53125
480.46875
23578.125
468.75
246.09375
234.375
246.09375
468.75
480.46875
234.375
492.1875
234.375
234.375
468.75
480.46875
234.375
234.375
468.75
117.1875
410.15625
23507.8125

492.1875
480.46875
117.1875
117.1875
480.46875
117.1875
421.875
23519.53125
117.1875
480.46875
480.46875
246.09375
117.1875
117.1875
23519.53125
117.1875
480.46875
480.46875
468.75
433.59375
117.1875
421.875
23765.625
468.75
234.375
117.1875
480.46875
246.09375
468.75
480.46875
480.46875
246.09375
234.375
410.15625
410.15625
246.09375

492.1875
480.46875
117.1875
117.1875
480.46875
117.1875
421.875
23519.53125
117.1875
480.46875
480.46875
246.09375
117.1875
117.1875
23519.53125
117.1875
480.46875
480.46875
468.75
433.59375
117.1875
421.875
23765.625
468.75
234.375
117.1875
480.46875
246.09375
468.75
480.46875
480.46875
246.09375
234.375
410.15625
410.15625
246.09375

468.75
480.46875
480.46875
398.4375
117.1875
117.1875
480.46875
468.75
23519.53125
480.46875
480.46875
468.75
117.1875
117.1875
23519.53125
117.1875
480.46875
480.46875
468.75
468.75
246.09375
421.875
234.375
468.75
234.375
234.375
480.46875
234.375
234.375
468.75
480.46875
234.375
234.375
468.75
117.1875
410.15625